287614639 1000
852985206 1000
39200835 1000
874112584 1000
356566262 1000
259653987 1000
758002106 1000
362508679 1000
615771565 1000
94064727 1000
765449912 1000
793832025 1000
615520217 1000
886278501 1000
680711205 1000
9083055 1000
63907414 1000
77092193 1000
4098961 1000
457010622 1000
593261548 1000
111385510 1000
830362262 1000
694112117 1000
24282175 1000
133607267 1000
579750261 1000
825050032 1000
398628660 1000
338614648 1000
190148416 1000
877956938 1000
594049209 1000
838578227 1000
280310023 1000
37640152 1000
512066649 1000
135593070 1000
93453971 1000
401489111 1000
229908333 1000
621150606 1000
2597240 1000
184393502 1000
419622492 1000
312732458 1000
226667984 1000
820831631 1000
16792175 1000
246243842 1000
219561304 1000
196687747 1000
786447538 1000
663296271 1000
528072086 1000
208176060 1000
232989479 1000
667980520 1000
453225155 1000
788091896 1000
579707005 1000
20361155 1000
386079639 1000
452223356 1000
656679529 1000
48173459 1000
328271394 1000
844723990 1000
139655381 1000
774241533 1000
505141624 1000
724180600 1000
371423143 1000
747943189 1000
543832496 1000
847918744 1000
868457145 1000
449265957 1000
842594531 1000
226112076 1000
148664553 1000
28440850 1000
128315162 1000
517994233 1000
34784625 1000
715434301 1000
6357544 1000
83468431 1000
302532081 1000
781289800 1000
200463145 1000
760230415 1000
241026138 1000
654761197 1000
604119518 1000
718830265 1000
869673750 1000
415063298 1000
327088257 1000
700784958 1000
716900304 1000
808900345 1000
779627069 1000
379467758 1000
318107263 1000
787208288 1000
29711860 1000
567034583 1000
829646072 1000
36634184 1000
432321155 1000
312140706 1000
167669016 1000
588764248 1000
415581540 1000
626161287 1000
10992551 1000
428254695 1000
874573575 1000
99870560 1000
318174399 1000
183645331 1000
726305880 1000
791473540 1000
581322796 1000
581843364 1000
746604941 1000
722343159 1000
414788088 1000
635040759 1000
677548779 1000
249643592 1000
44638320 1000
378326052 1000
373793786 1000
11947527 1000
185437536 1000
317372361 1000
72616951 1000
835481159 1000
155014916 1000
466692414 1000
115417152 1000
852033121 1000
439359158 1000
512495325 1000
780784971 1000
616581324 1000
439544880 1000
192733465 1000
349241671 1000
722059734 1000
143167551 1000
631863192 1000
250366187 1000
44819911 1000
500226496 1000
129026036 1000
544030788 1000
671556058 1000
483921347 1000
136423498 1000
838558156 1000
173330415 1000
814432916 1000
600995761 1000
876659323 1000
103559054 1000
581805586 1000
783531606 1000
476376484 1000
66028376 1000
452879494 1000
90157854 1000
691250594 1000
348819558 1000
395735014 1000
691125419 1000
244072394 1000
527762189 1000
15617799 1000
135266515 1000
679614927 1000
510530324 1000
235705902 1000
376271119 1000
335579388 1000
149963525 1000
67291872 1000
322493438 1000
123069657 1000
428277836 1000
543550867 1000
266464760 1000
472911918 1000
262696955 1000
70529692 1000
76256793 1000
891404881 1000
136453717 1000
360477508 1000
416985031 1000
763414904 1000
464115444 1000
750572998 1000
229359556 1000
338083709 1000
305440587 1000
201021742 1000
502386792 1000
619362303 1000
513540619 1000
69773797 1000
783938447 1000
590772268 1000
228130775 1000
365666711 1000
452807287 1000
704352084 1000
29859208 1000
732066471 1000
460733540 1000
709666109 1000
468120717 1000
163427624 1000
96351040 1000
20361336 1000
404189398 1000
83848099 1000
682726542 1000
471482360 1000
806116527 1000
596212792 1000
497733744 1000
102361295 1000
369316573 1000
519700384 1000
855182464 1000
615734421 1000
363777082 1000
250521045 1000
539121145 1000
892446881 1000
766056670 1000
68496211 1000
505201530 1000
319687451 1000
622665091 1000
588013077 1000
623240778 1000
497282451 1000
370131045 1000
366934780 1000
387503678 1000
621967291 1000
680161188 1000
350511014 1000
774457446 1000
224431965 1000
521192591 1000
196133129 1000
415717404 1000
266352906 1000
532041934 1000
432699302 1000
430122707 1000
512548934 1000
520672417 1000
402828398 1000
197756278 1000
37891309 1000
142555795 1000
238460731 1000
495662310 1000
679597267 1000
129887147 1000
753074298 1000
484616129 1000
138371697 1000
64474195 1000
390241979 1000
845358563 1000
344516344 1000
207635726 1000
358350958 1000
653910070 1000
275739491 1000
768388745 1000
119165066 1000
229369001 1000
164054662 1000
881264838 1000
491689611 1000
13732822 1000
779589501 1000
892917265 1000
405552709 1000
63134399 1000
223201664 1000
27295817 1000
830532149 1000
591172532 1000
372402788 1000
629365487 1000
680097896 1000
531996412 1000
515354805 1000
444333226 1000
8565748 1000
268659586 1000
590069644 1000
652677976 1000
688655168 1000
295744671 1000
825959563 1000
408679461 1000
806878621 1000
31902840 1000
810234366 1000
87995991 1000
894472125 1000
351917533 1000
739099961 1000
184602067 1000
542810156 1000
770023390 1000
57781594 1000
4832330 1000
772475070 1000
452243728 1000
32309381 1000
116558824 1000
703863672 1000
3026505 1000
673072529 1000
546616549 1000
886583465 1000
363019368 1000
409531251 1000
442465725 1000
763447238 1000
880358903 1000
282070084 1000
886138639 1000
300550452 1000
167309581 1000
489618495 1000
831487227 1000
175511503 1000
775536450 1000
264384602 1000
406301196 1000
498388977 1000
85646416 1000
696605895 1000
358222843 1000
105198931 1000
710196960 1000
336728448 1000
61259424 1000
243912542 1000
198454418 1000
670252766 1000
656685583 1000
71274987 1000
98854130 1000
627129605 1000
490107880 1000
820130268 1000
817357409 1000
345679850 1000
43406998 1000
453674774 1000
49926583 1000
8412621 1000
220261016 1000
481968594 1000
622346644 1000
300852996 1000
495608743 1000
554510491 1000
407483562 1000
304657118 1000
775616056 1000
804876419 1000
180471879 1000
784060592 1000
797703813 1000
349481924 1000
504696712 1000
307561817 1000
518306071 1000
387494666 1000
111186577 1000
693176630 1000
56409037 1000
316317050 1000
88997909 1000
99404630 1000
510164185 1000
127630238 1000
782786880 1000
656021932 1000
744748949 1000
851279988 1000
579458776 1000
783228598 1000
18170358 1000
97498718 1000
814006310 1000
330474255 1000
345471853 1000
548011480 1000
857739147 1000
125751125 1000
5750811 1000
231143206 1000
339823522 1000
344120600 1000
149904529 1000
599031180 1000
882532251 1000
348889050 1000
137993561 1000
640110111 1000
647513916 1000
873510939 1000
119638682 1000
827535208 1000
843486449 1000
569457167 1000
480273893 1000
883681305 1000
250103263 1000
593090914 1000
840700978 1000
767726907 1000
523632950 1000
676477707 1000
297954286 1000
653724828 1000
678782649 1000
536217013 1000
304659995 1000
764360188 1000
74748537 1000
405797543 1000
636032250 1000
52730177 1000
882827449 1000
278044556 1000
772673920 1000
659051649 1000
578467639 1000
2546438 1000
499724822 1000
666964484 1000
454741793 1000
671673439 1000
637605863 1000
590955447 1000
302726627 1000
389300064 1000
880192716 1000
784593487 1000
61700950 1000
153493401 1000
375669234 1000
838272677 1000
362176589 1000
818141126 1000
718670286 1000
138834990 1000
315415656 1000
862626609 1000
41101639 1000
872732 1000
461514880 1000
791293214 1000
565095384 1000
317189523 1000
568370954 1000
5972702 1000
28106789 1000
871386724 1000
557566910 1000
267145462 1000
667476375 1000
640190982 1000
250471430 1000
473527816 1000
211695344 1000
861342303 1000
289918063 1000
898211746 1000
619490402 1000
361119892 1000
507958392 1000
784467110 1000
184238330 1000
23457006 1000
628230538 1000
186927546 1000
702384006 1000
239074599 1000
471739877 1000
523955277 1000
794147275 1000
726570019 1000
703461330 1000
18958362 1000
827496579 1000
534030981 1000
475354680 1000
55635717 1000
461549615 1000
205052262 1000
143068435 1000
166092384 1000
47713577 1000
521569243 1000
815830808 1000
582818978 1000
618466982 1000
436584112 1000
806435625 1000
549571413 1000
523676381 1000
17858306 1000
313792131 1000
276958001 1000
223839935 1000
363641286 1000
625608150 1000
249334530 1000
406939672 1000
491062220 1000
553118846 1000
566478337 1000
339334091 1000
656932441 1000
21659730 1000
577825536 1000
735217508 1000
320975934 1000
330732269 1000
661117806 1000
590123636 1000
824691093 1000
83027587 1000
764872863 1000
260715138 1000
116064588 1000
281675072 1000
100567829 1000
118971342 1000
833492666 1000
780726941 1000
627399169 1000
215898327 1000
101016625 1000
629731374 1000
92890084 1000
423367433 1000
110902946 1000
177338411 1000
672374635 1000
58709839 1000
683497678 1000
270836289 1000
230510490 1000
370974823 1000
351201751 1000
191954321 1000
821073378 1000
168528094 1000
177879356 1000
188929252 1000
618317415 1000
829053546 1000
59313631 1000
725817609 1000
654504711 1000
644770769 1000
856372764 1000
270245569 1000
34863699 1000
518969481 1000
657724288 1000
110108336 1000
99102279 1000
277738340 1000
249911588 1000
535799464 1000
137413420 1000
635136885 1000
749742107 1000
235063316 1000
255566573 1000
534194655 1000
256259567 1000
818578079 1000
282645080 1000
162067896 1000
142404169 1000
740084909 1000
433904755 1000
590001906 1000
517984268 1000
883889622 1000
327383638 1000
60474411 1000
643252509 1000
77333009 1000
444707237 1000
63800518 1000
481523001 1000
44348485 1000
618262606 1000
32830378 1000
23971021 1000
565249608 1000
141639034 1000
809784272 1000
568313345 1000
325549088 1000
89877485 1000
649334820 1000
163744780 1000
453153558 1000
838076706 1000
480725327 1000
549355379 1000
854487925 1000
469289413 1000
611235945 1000
262299113 1000
16198428 1000
598726777 1000
403842173 1000
728720375 1000
717766989 1000
128458940 1000
123818322 1000
346850851 1000
15805602 1000
611304761 1000
466104087 1000
525678963 1000
368139672 1000
444607371 1000
66134582 1000
740315911 1000
775343034 1000
182301107 1000
375123094 1000
281134652 1000
776337537 1000
148248833 1000
481755556 1000
109304280 1000
160269928 1000
44135011 1000
829082418 1000
481427925 1000
364612620 1000
882284119 1000
822133077 1000
513818230 1000
864544571 1000
400082583 1000
484944896 1000
534067420 1000
88198012 1000
860464066 1000
468101052 1000
886096891 1000
281108976 1000
371791744 1000
480808203 1000
492397996 1000
158787615 1000
730529092 1000
161368246 1000
410599601 1000
407576172 1000
322622782 1000
277336977 1000
116776301 1000
237236555 1000
442225251 1000
856828906 1000
766864718 1000
372359708 1000
335743316 1000
823381674 1000
422944647 1000
4658316 1000
425246508 1000
600014352 1000
645126993 1000
428904017 1000
617757165 1000
425026906 1000
72714795 1000
95220029 1000
537243437 1000
137927346 1000
799123397 1000
339563623 1000
212562458 1000
169833069 1000
457467967 1000
67414089 1000
457068626 1000
20246913 1000
640448780 1000
23776265 1000
591839253 1000
627858386 1000
296756678 1000
241123860 1000
664539357 1000
53734294 1000
542517489 1000
870143117 1000
501828160 1000
171161333 1000
248395003 1000
491535922 1000
141465602 1000
387673955 1000
158527453 1000
883336821 1000
247607476 1000
452061347 1000
384837782 1000
539217483 1000
573181770 1000
812062478 1000
750429856 1000
26701875 1000
266637050 1000
748897218 1000
849203878 1000
108834847 1000
101966309 1000
716625651 1000
650149763 1000
772447049 1000
19278683 1000
461101931 1000
167587733 1000
419738023 1000
529042271 1000
866728263 1000
750164542 1000
690799889 1000
309378943 1000
867277158 1000
36801559 1000
107730378 1000
470079612 1000
731075984 1000
383959987 1000
41256269 1000
863658041 1000
796392185 1000
796880876 1000
679956828 1000
625711024 1000
162453156 1000
472260927 1000
81950812 1000
801938922 1000
31626822 1000
840515758 1000
172554295 1000
250510568 1000
146786866 1000
850765108 1000
469536217 1000
69325899 1000
640682409 1000
92628352 1000
666651192 1000
396721326 1000
486462479 1000
131551777 1000
334491241 1000
419186558 1000
28459306 1000
465073404 1000
576215576 1000
602158563 1000
65379861 1000
239204657 1000
592979492 1000
827996075 1000
667053637 1000
251947951 1000
30440344 1000
298896454 1000
770672570 1000
395619459 1000
189498595 1000
422737079 1000
222013468 1000
252971548 1000
258556423 1000
763206218 1000
278213412 1000
256912876 1000
354494777 1000
883003551 1000
114371854 1000
38083999 1000
749912115 1000
54720969 1000
559913353 1000
276977335 1000
223167582 1000
294227593 1000
872544225 1000
114634704 1000
322996762 1000
1560925 1000
595005713 1000
495579303 1000
9839108 1000
838944659 1000
425156818 1000
257419128 1000
154084172 1000
674235237 1000
653227562 1000
378640848 1000
492372512 1000
186453628 1000
443372709 1000
507954198 1000
419758471 1000
852906130 1000
695893643 1000
793739267 1000
126200646 1000
813925354 1000
500598805 1000
400971342 1000
627128967 1000
511447447 1000
848714411 1000
449458958 1000
318727518 1000
406282340 1000
702912323 1000
352083378 1000
225231639 1000
293644982 1000
771910123 1000
762243586 1000
590792413 1000
419288247 1000
173817636 1000
781551026 1000
622514508 1000
338181889 1000
255804277 1000
828490641 1000
17801346 1000
253167758 1000
447534835 1000
793051086 1000
206066850 1000
576465573 1000
312331387 1000
370662081 1000
117557187 1000
240815740 1000
96824954 1000
265352184 1000
43238574 1000
380155877 1000
529845163 1000
695513441 1000
886786540 1000
707437924 1000
736736956 1000
343762052 1000
541601358 1000
511030833 1000
295287442 1000
680064889 1000
220818571 1000
144240879 1000
493826487 1000
511394481 1000
874202586 1000
630859354 1000
839584035 1000
755309217 1000
779590446 1000
715374929 1000
79870361 1000
593519724 1000
557471192 1000
44272340 1000
646318496 1000
269268634 1000
599406666 1000
729021928 1000
306473350 1000
793757751 1000
528779253 1000
563032134 1000
349252307 1000
247861798 1000
197185510 1000
307805146 1000
862496386 1000
344197256 1000
281891939 1000
682782900 1000
10334690 1000
201245349 1000
183923209 1000
524011717 1000
113282017 1000
453337251 1000
113372365 1000
351996836 1000
884549568 1000
701099916 1000
712992055 1000
485796000 1000
667398824 1000
441479430 1000
431329720 1000
199340965 1000
296069360 1000
690247795 1000
727033374 1000
763453318 1000
654620003 1000
500501635 1000
503591254 1000
527938834 1000
759301102 1000
511783058 1000
539561493 1000
176364859 1000
703244934 1000
538360758 1000
261898585 1000
818867856 1000
601793505 1000
364142097 1000
735090574 1000
461873165 1000
74902208 1000
812377079 1000
304497998 1000
476741061 1000
325753404 1000
577055929 1000
426566065 1000
326313382 1000
158627408 1000
864391559 1000
504114772 1000
783647367 1000
46879862 1000
650926369 1000
607593248 1000
673341929 1000
200350523 1000
885528859 1000
457424704 1000
453067405 1000
747076103 1000
545215336 1000
290422353 1000
393163093 1000
116213908 1000
503212464 1000
201247966 1000
86469356 1000
684921568 1000
483827625 1000
651040933 1000
543457556 1000
243593543 1000
583059166 1000
341382020 1000
704841690 1000
498058310 1000
281209713 1000
84034026 1000
433950948 1000
245439281 1000
